0.000000000000000000e+00 3.500000000000000333e-02 -1.300000000000000044e-01
0.000000000000000000e+00 3.500000000000000333e-02 -5.000000000000004441e-03
0.000000000000000000e+00 2.149999999999999828e-02 7.000000000000000666e-02
0.000000000000000000e+00 2.149999999999999828e-02 1.300000000000000044e-01
3.031088913245535976e-02 1.750000000000000167e-02 -1.300000000000000044e-01
3.031088913245535976e-02 1.750000000000000167e-02 -5.000000000000004441e-03
1.861954618136543033e-02 1.074999999999999567e-02 7.000000000000000666e-02
1.861954618136543033e-02 1.074999999999999567e-02 1.300000000000000044e-01
3.031088913245534588e-02 -1.750000000000000860e-02 -1.300000000000000044e-01
3.031088913245534588e-02 -1.750000000000000860e-02 -5.000000000000004441e-03
1.861954618136542339e-02 -1.075000000000000261e-02 7.000000000000000666e-02
1.861954618136542339e-02 -1.075000000000000261e-02 1.300000000000000044e-01
-1.387778780781445676e-17 -3.500000000000000333e-02 -1.300000000000000044e-01
-1.387778780781445676e-17 -3.500000000000000333e-02 -5.000000000000004441e-03
-6.938893903907228378e-18 -2.149999999999999828e-02 7.000000000000000666e-02
-6.938893903907228378e-18 -2.149999999999999828e-02 1.300000000000000044e-01
-3.031088913245536323e-02 -1.749999999999998779e-02 -1.300000000000000044e-01
-3.031088913245536323e-02 -1.749999999999998779e-02 -5.000000000000004441e-03
-1.861954618136543380e-02 -1.074999999999998873e-02 7.000000000000000666e-02
-1.861954618136543380e-02 -1.074999999999998873e-02 1.300000000000000044e-01
-3.031088913245535282e-02 1.750000000000000167e-02 -1.300000000000000044e-01
-3.031088913245535282e-02 1.750000000000000167e-02 -5.000000000000004441e-03
-1.861954618136542686e-02 1.075000000000000261e-02 7.000000000000000666e-02
-1.861954618136542686e-02 1.075000000000000261e-02 1.300000000000000044e-01
