-2.942999999999999783e-02 -2.942999999999999783e-02 -3.257999999999999785e-02
2.942999999999999783e-02 -2.942999999999999783e-02 -3.257999999999999785e-02
-2.942999999999999783e-02 2.942999999999999783e-02 -3.257999999999999785e-02
2.942999999999999783e-02 2.942999999999999783e-02 -3.257999999999999785e-02
-6.077500000000000263e-02 -6.077500000000000263e-02 -8.059999999999997722e-03
6.077500000000000957e-02 -6.077500000000000263e-02 -8.059999999999997722e-03
-6.077500000000000263e-02 6.077500000000000957e-02 -8.059999999999997722e-03
6.077500000000000957e-02 6.077500000000000957e-02 -8.059999999999997722e-03
-7.835999999999999910e-02 -7.835999999999999910e-02 3.257999999999999785e-02
7.835999999999999910e-02 -7.835999999999999910e-02 3.257999999999999785e-02
-7.835999999999999910e-02 7.835999999999999910e-02 3.257999999999999785e-02
7.835999999999999910e-02 7.835999999999999910e-02 3.257999999999999785e-02
