-3.971999999999999836e-02 -3.971999999999999836e-02 -4.449999999999999789e-02
3.972000000000000530e-02 -3.971999999999999836e-02 -4.449999999999999789e-02
-3.971999999999999836e-02 3.972000000000000530e-02 -4.449999999999999789e-02
3.972000000000000530e-02 3.972000000000000530e-02 -4.449999999999999789e-02
-6.981500000000000206e-02 -6.981500000000000206e-02 -7.969999999999997919e-03
6.981500000000001593e-02 -6.981500000000000206e-02 -7.969999999999997919e-03
-6.981500000000000206e-02 6.981500000000001593e-02 -7.969999999999997919e-03
6.981500000000001593e-02 6.981500000000001593e-02 -7.969999999999997919e-03
-8.511499999999999622e-02 -8.511499999999999622e-02 4.449999999999999789e-02
8.511499999999999622e-02 -8.511499999999999622e-02 4.449999999999999789e-02
-8.511499999999999622e-02 8.511499999999999622e-02 4.449999999999999789e-02
8.511499999999999622e-02 8.511499999999999622e-02 4.449999999999999789e-02
