0.000000000000000000e+00 8.500000000000000611e-02 4.800000000000000100e-02
0.000000000000000000e+00 7.499999999999999722e-02 -1.800000000000000211e-02
0.000000000000000000e+00 5.000000000000000278e-02 -4.800000000000000100e-02
2.626644452187053280e-02 8.083980388508806014e-02 4.800000000000000100e-02
2.317627457812106162e-02 7.132923872213649263e-02 -1.800000000000000211e-02
1.545084971874736979e-02 4.755282581475768489e-02 -4.800000000000000100e-02
4.996174644486021943e-02 6.876644452187054279e-02 4.800000000000000100e-02
4.408389392193547140e-02 6.067627457812103942e-02 -1.800000000000000211e-02
2.938926261462365686e-02 4.045084971874736424e-02 -4.800000000000000100e-02
6.876644452187054279e-02 4.996174644486021943e-02 4.800000000000000100e-02
6.067627457812103942e-02 4.408389392193547140e-02 -1.800000000000000211e-02
4.045084971874736424e-02 2.938926261462365686e-02 -4.800000000000000100e-02
8.083980388508806014e-02 2.626644452187053280e-02 4.800000000000000100e-02
7.132923872213649263e-02 2.317627457812106162e-02 -1.800000000000000211e-02
4.755282581475768489e-02 1.545084971874736979e-02 -4.800000000000000100e-02
8.500000000000000611e-02 0.000000000000000000e+00 4.800000000000000100e-02
7.499999999999999722e-02 0.000000000000000000e+00 -1.800000000000000211e-02
5.000000000000000278e-02 0.000000000000000000e+00 -4.800000000000000100e-02
8.083980388508806014e-02 -2.626644452187052586e-02 4.800000000000000100e-02
7.132923872213652039e-02 -2.317627457812104774e-02 -1.800000000000000211e-02
4.755282581475768489e-02 -1.545084971874736979e-02 -4.800000000000000100e-02
6.876644452187054279e-02 -4.996174644486021249e-02 4.800000000000000100e-02
6.067627457812103942e-02 -4.408389392193547834e-02 -1.800000000000000211e-02
4.045084971874736424e-02 -2.938926261462365686e-02 -4.800000000000000100e-02
4.996174644486021943e-02 -6.876644452187052892e-02 4.800000000000000100e-02
4.408389392193549916e-02 -6.067627457812104635e-02 -1.800000000000000211e-02
2.938926261462367073e-02 -4.045084971874737118e-02 -4.800000000000000100e-02
2.626644452187053280e-02 -8.083980388508806014e-02 4.800000000000000100e-02
2.317627457812106162e-02 -7.132923872213650651e-02 -1.800000000000000211e-02
1.545084971874736979e-02 -4.755282581475767795e-02 -4.800000000000000100e-02
1.387778780781445676e-17 -8.500000000000000611e-02 4.800000000000000100e-02
1.387778780781445676e-17 -7.499999999999999722e-02 -1.800000000000000211e-02
0.000000000000000000e+00 -5.000000000000000278e-02 -4.800000000000000100e-02
-2.626644452187051892e-02 -8.083980388508806014e-02 4.800000000000000100e-02
-2.317627457812104774e-02 -7.132923872213652039e-02 -1.800000000000000211e-02
-1.545084971874736979e-02 -4.755282581475768489e-02 -4.800000000000000100e-02
-4.996174644486021249e-02 -6.876644452187054279e-02 4.800000000000000100e-02
-4.408389392193547834e-02 -6.067627457812106717e-02 -1.800000000000000211e-02
-2.938926261462365686e-02 -4.045084971874737811e-02 -4.800000000000000100e-02
-6.876644452187052892e-02 -4.996174644486022637e-02 4.800000000000000100e-02
-6.067627457812104635e-02 -4.408389392193549222e-02 -1.800000000000000211e-02
-4.045084971874737118e-02 -2.938926261462366379e-02 -4.800000000000000100e-02
-8.083980388508806014e-02 -2.626644452187054668e-02 4.800000000000000100e-02
-7.132923872213650651e-02 -2.317627457812106162e-02 -1.800000000000000211e-02
-4.755282581475767795e-02 -1.545084971874738367e-02 -4.800000000000000100e-02
-8.500000000000000611e-02 -1.387778780781445676e-17 4.800000000000000100e-02
-7.499999999999999722e-02 -1.387778780781445676e-17 -1.800000000000000211e-02
-5.000000000000000278e-02 -1.387778780781445676e-17 -4.800000000000000100e-02
-8.083980388508806014e-02 2.626644452187051892e-02 4.800000000000000100e-02
-7.132923872213652039e-02 2.317627457812103386e-02 -1.800000000000000211e-02
-4.755282581475768489e-02 1.545084971874736979e-02 -4.800000000000000100e-02
-6.876644452187054279e-02 4.996174644486019167e-02 4.800000000000000100e-02
-6.067627457812106717e-02 4.408389392193547140e-02 -1.800000000000000211e-02
-4.045084971874737811e-02 2.938926261462364298e-02 -4.800000000000000100e-02
-4.996174644486024025e-02 6.876644452187054279e-02 4.800000000000000100e-02
-4.408389392193549916e-02 6.067627457812103942e-02 -1.800000000000000211e-02
-2.938926261462367073e-02 4.045084971874736424e-02 -4.800000000000000100e-02
-2.626644452187054668e-02 8.083980388508806014e-02 4.800000000000000100e-02
-2.317627457812107550e-02 7.132923872213649263e-02 -1.800000000000000211e-02
-1.545084971874738367e-02 4.755282581475768489e-02 -4.800000000000000100e-02
