-2.019999999999999574e-02 -2.019999999999999574e-02 -3.892500000000000127e-02
2.019999999999999574e-02 -2.019999999999999574e-02 -3.892500000000000127e-02
-2.019999999999999574e-02 2.019999999999999574e-02 -3.892500000000000127e-02
2.019999999999999574e-02 2.019999999999999574e-02 -3.892500000000000127e-02
-6.561500000000000665e-02 -6.561500000000000665e-02 -7.150000000000003575e-04
6.561499999999999277e-02 -6.561500000000000665e-02 -7.150000000000003575e-04
-6.561500000000000665e-02 6.561499999999999277e-02 -7.150000000000003575e-04
6.561499999999999277e-02 6.561499999999999277e-02 -7.150000000000003575e-04
-8.269500000000000461e-02 -8.269500000000000461e-02 3.892500000000000127e-02
8.269500000000000461e-02 -8.269500000000000461e-02 3.892500000000000127e-02
-8.269500000000000461e-02 8.269500000000000461e-02 3.892500000000000127e-02
8.269500000000000461e-02 8.269500000000000461e-02 3.892500000000000127e-02
