0.000000000000000000e+00 8.225999999999999979e-02 3.711499999999999522e-02
0.000000000000000000e+00 6.151499999999998636e-02 -7.954999999999996796e-03
0.000000000000000000e+00 3.215500000000000302e-02 -3.711499999999999522e-02
4.835121485357884996e-02 6.654973795728319486e-02 3.711499999999999522e-02
3.615760979477147807e-02 4.976668040897488932e-02 -7.954999999999996796e-03
1.890023478746447050e-02 2.601394145412644354e-02 -3.711499999999999522e-02
7.823390903043933586e-02 2.541973795728318108e-02 3.711499999999999522e-02
5.850424159989636719e-02 1.900918040897489614e-02 -7.954999999999996796e-03
3.058122228147067134e-02 9.936441454126435091e-03 -3.711499999999999522e-02
7.823390903043933586e-02 -2.541973795728316721e-02 3.711499999999999522e-02
5.850424159989636719e-02 -1.900918040897488226e-02 -7.954999999999996796e-03
3.058122228147067134e-02 -9.936441454126435091e-03 -3.711499999999999522e-02
4.835121485357884996e-02 -6.654973795728316710e-02 3.711499999999999522e-02
3.615760979477149195e-02 -4.976668040897488238e-02 -7.954999999999996796e-03
1.890023478746447050e-02 -2.601394145412642966e-02 -3.711499999999999522e-02
1.387778780781445676e-17 -8.225999999999999979e-02 3.711499999999999522e-02
1.387778780781445676e-17 -6.151500000000000024e-02 -7.954999999999996796e-03
0.000000000000000000e+00 -3.215500000000000302e-02 -3.711499999999999522e-02
-4.835121485357882914e-02 -6.654973795728318098e-02 3.711499999999999522e-02
-3.615760979477147807e-02 -4.976668040897489625e-02 -7.954999999999996796e-03
-1.890023478746447050e-02 -2.601394145412644354e-02 -3.711499999999999522e-02
-7.823390903043933586e-02 -2.541973795728318802e-02 3.711499999999999522e-02
-5.850424159989636719e-02 -1.900918040897489614e-02 -7.954999999999996796e-03
-3.058122228147066440e-02 -9.936441454126435091e-03 -3.711499999999999522e-02
-7.823390903043933586e-02 2.541973795728316721e-02 3.711499999999999522e-02
-5.850424159989637413e-02 1.900918040897488226e-02 -7.954999999999996796e-03
-3.058122228147067134e-02 9.936441454126435091e-03 -3.711499999999999522e-02
-4.835121485357885690e-02 6.654973795728316710e-02 3.711499999999999522e-02
-3.615760979477149889e-02 4.976668040897488932e-02 -7.954999999999996796e-03
-1.890023478746448438e-02 2.601394145412642966e-02 -3.711499999999999522e-02
