-3.257999999999999785e-02 -3.257999999999999785e-02 -3.824500000000000122e-02
3.257999999999999785e-02 -3.257999999999999785e-02 -3.824500000000000122e-02
-3.257999999999999785e-02 3.257999999999999785e-02 -3.824500000000000122e-02
3.257999999999999785e-02 3.257999999999999785e-02 -3.824500000000000122e-02
-6.512500000000000233e-02 -6.512500000000000233e-02 -1.471500000000000238e-02
6.512500000000001621e-02 -6.512500000000000233e-02 -1.471500000000000238e-02
-6.512500000000000233e-02 6.512500000000001621e-02 -1.471500000000000238e-02
6.512500000000001621e-02 6.512500000000001621e-02 -1.471500000000000238e-02
-7.115499999999999603e-02 -7.115499999999999603e-02 3.824500000000000122e-02
7.115499999999999603e-02 -7.115499999999999603e-02 3.824500000000000122e-02
-7.115499999999999603e-02 7.115499999999999603e-02 3.824500000000000122e-02
7.115499999999999603e-02 7.115499999999999603e-02 3.824500000000000122e-02
