0.000000000000000000e+00 7.115499999999999603e-02 3.257999999999999785e-02
0.000000000000000000e+00 6.077499999999999569e-02 -8.059999999999997722e-03
0.000000000000000000e+00 2.942999999999999783e-02 -3.257999999999999785e-02
6.162203760628173765e-02 3.557749999999998414e-02 3.257999999999999785e-02
5.263269391499926508e-02 3.038749999999999785e-02 -8.059999999999997722e-03
2.548712763337603049e-02 1.471499999999999198e-02 -3.257999999999999785e-02
6.162203760628170990e-02 -3.557750000000001189e-02 3.257999999999999785e-02
5.263269391499925121e-02 -3.038750000000001172e-02 -8.059999999999997722e-03
2.548712763337603049e-02 -1.471500000000000585e-02 -3.257999999999999785e-02
-2.775557561562891351e-17 -7.115499999999999603e-02 3.257999999999999785e-02
-1.387778780781445676e-17 -6.077500000000000263e-02 -8.059999999999997722e-03
-1.387778780781445676e-17 -2.942999999999999783e-02 -3.257999999999999785e-02
-6.162203760628173765e-02 -3.557749999999997026e-02 3.257999999999999785e-02
-5.263269391499927202e-02 -3.038749999999997703e-02 -8.059999999999997722e-03
-2.548712763337603049e-02 -1.471499999999999198e-02 -3.257999999999999785e-02
-6.162203760628172378e-02 3.557750000000001189e-02 3.257999999999999785e-02
-5.263269391499925814e-02 3.038750000000001172e-02 -8.059999999999997722e-03
-2.548712763337603049e-02 1.471500000000000585e-02 -3.257999999999999785e-02
