-5.757985584103002263e-02 -1.635500000000000009e-01 -9.463376309694103428e-02
1.564491441589699605e-01 -1.635500000000000009e-01 -9.463376309694103428e-02
-5.757985584103002263e-02 1.635500000000000009e-01 -9.463376309694103428e-02
1.564491441589699605e-01 1.635500000000000009e-01 -9.463376309694103428e-02
-4.876517234398840273e-02 -1.635500000000000009e-01 -7.963376309694103483e-02
1.564491441589699605e-01 -1.635500000000000009e-01 -7.963376309694103483e-02
-4.876517234398840273e-02 1.635500000000000009e-01 -7.963376309694103483e-02
1.564491441589699605e-01 1.635500000000000009e-01 -7.963376309694103483e-02
-1.564491441589699605e-01 -1.635500000000000009e-01 8.991133206547195778e-02
-1.564491441589699605e-01 1.635500000000000009e-01 8.991133206547195778e-02
-1.476344606619283406e-01 -1.635500000000000009e-01 9.463376309694103428e-02
-1.476344606619283406e-01 1.635500000000000009e-01 9.463376309694103428e-02
