-1.843927573861278701e-02 -1.648100000000000120e-01 -6.621215435676452987e-02
1.882277242613872303e-01 -1.648100000000000120e-01 -6.621215435676452987e-02
-1.843927573861278701e-02 1.648100000000000120e-01 -6.621215435676452987e-02
1.882277242613872303e-01 1.648100000000000120e-01 -6.621215435676452987e-02
-1.231597741814607905e-02 -1.648100000000000120e-01 -5.129215435676452717e-02
1.882277242613872303e-01 -1.648100000000000120e-01 -5.129215435676452717e-02
-1.231597741814607905e-02 1.648100000000000120e-01 -5.129215435676452717e-02
1.882277242613872303e-01 1.648100000000000120e-01 -5.129215435676452717e-02
-1.882277242613872303e-01 -1.648100000000000120e-01 5.783064985705985150e-02
-1.882277242613872303e-01 1.648100000000000120e-01 5.783064985705985150e-02
-1.821044259409205224e-01 -1.648100000000000120e-01 6.621215435676452987e-02
-1.821044259409205224e-01 1.648100000000000120e-01 6.621215435676452987e-02
