-3.000339726224424131e-02 -1.650999999999999968e-01 -1.099893234335013875e-01
2.000366027377557532e-01 -1.650999999999999968e-01 -1.099893234335013875e-01
-3.000339726224424131e-02 1.650999999999999968e-01 -1.099893234335013875e-01
2.000366027377557532e-01 1.650999999999999968e-01 -1.099893234335013875e-01
-1.264077609020120008e-02 -1.650999999999999968e-01 -8.601932343350138233e-02
2.000366027377557532e-01 -1.650999999999999968e-01 -8.601932343350138233e-02
-1.264077609020120008e-02 1.650999999999999968e-01 -8.601932343350138233e-02
2.000366027377557532e-01 1.650999999999999968e-01 -8.601932343350138233e-02
-2.000366027377557532e-01 -1.650999999999999968e-01 9.563173707519860567e-02
-2.000366027377557532e-01 1.650999999999999968e-01 9.563173707519860567e-02
-1.826739815657126842e-01 -1.650999999999999968e-01 1.099893234335013875e-01
-1.826739815657126842e-01 1.650999999999999968e-01 1.099893234335013875e-01
