-1.325451720274584133e-02 -1.576549999999999896e-01 -8.682214067414653624e-02
1.971924827972541816e-01 -1.576549999999999896e-01 -8.682214067414653624e-02
-1.325451720274584133e-02 1.576549999999999896e-01 -8.682214067414653624e-02
1.971924827972541816e-01 1.576549999999999896e-01 -8.682214067414653624e-02
-6.405989495664426991e-03 -1.576549999999999896e-01 -7.606214067414653057e-02
1.971924827972541816e-01 -1.576549999999999896e-01 -7.606214067414653057e-02
-6.405989495664426991e-03 1.576549999999999896e-01 -7.606214067414653057e-02
1.971924827972541816e-01 1.576549999999999896e-01 -7.606214067414653057e-02
-1.971924827972541816e-01 -1.576549999999999896e-01 7.923622818814077262e-02
-1.971924827972541816e-01 1.576549999999999896e-01 7.923622818814077262e-02
-1.903439550901727673e-01 -1.576549999999999896e-01 8.682214067414653624e-02
-1.903439550901727673e-01 1.576549999999999896e-01 8.682214067414653624e-02
