-4.760048389296361870e-02 -1.374849999999999961e-01 -8.450516233667605681e-02
1.551295161070363748e-01 -1.374849999999999961e-01 -8.450516233667605681e-02
-4.760048389296361870e-02 1.374849999999999961e-01 -8.450516233667605681e-02
1.551295161070363748e-01 1.374849999999999961e-01 -8.450516233667605681e-02
-3.864209971271535815e-02 -1.374849999999999961e-01 -7.175516233667605936e-02
1.551295161070363748e-01 -1.374849999999999961e-01 -7.175516233667605936e-02
-3.864209971271535815e-02 1.374849999999999961e-01 -7.175516233667605936e-02
1.551295161070363748e-01 1.374849999999999961e-01 -7.175516233667605936e-02
-1.551295161070363748e-01 -1.374849999999999961e-01 7.859921170370616494e-02
-1.551295161070363748e-01 1.374849999999999961e-01 7.859921170370616494e-02
-1.461711319267881004e-01 -1.374849999999999961e-01 8.450516233667605681e-02
-1.461711319267881004e-01 1.374849999999999961e-01 8.450516233667605681e-02
