-3.522857926146882868e-02 -1.542900000000000105e-01 -7.325221345139006079e-02
1.428634207385311716e-01 -1.542900000000000105e-01 -7.325221345139006079e-02
-3.522857926146882868e-02 1.542900000000000105e-01 -7.325221345139006079e-02
1.428634207385311716e-01 1.542900000000000105e-01 -7.325221345139006079e-02
-2.573645900273194287e-02 -1.542900000000000105e-01 -5.832221345139006197e-02
1.428634207385311716e-01 -1.542900000000000105e-01 -5.832221345139006197e-02
-2.573645900273194287e-02 1.542900000000000105e-01 -5.832221345139006197e-02
1.428634207385311716e-01 1.542900000000000105e-01 -5.832221345139006197e-02
-1.428634207385311716e-01 -1.542900000000000105e-01 6.591057514691898989e-02
-1.428634207385311716e-01 1.542900000000000105e-01 6.591057514691898989e-02
-1.333713004797942858e-01 -1.542900000000000105e-01 7.325221345139006079e-02
-1.333713004797942858e-01 1.542900000000000105e-01 7.325221345139006079e-02
