-1.401499999999999968e-02 3.435000000000000553e-02 -4.147499999999999798e-02
-1.401499999999999968e-02 5.720999999999999697e-02 4.147499999999999798e-02
1.573297261999546948e-02 1.717499999999999583e-02 -4.147499999999999798e-02
3.553031335050772788e-02 2.860499999999999154e-02 4.147499999999999798e-02
1.573297261999546948e-02 -1.717500000000000970e-02 -4.147499999999999798e-02
3.553031335050772788e-02 -2.860500000000001236e-02 4.147499999999999798e-02
-1.401500000000001356e-02 -3.434999999999999859e-02 -4.147499999999999798e-02
-1.401500000000002050e-02 -5.720999999999999697e-02 4.147499999999999798e-02
-4.376297261999546884e-02 -1.717499999999998195e-02 -4.147499999999999798e-02
-6.356031335050774111e-02 -2.860499999999997767e-02 4.147499999999999798e-02
-4.376297261999546884e-02 1.717500000000000970e-02 -4.147499999999999798e-02
-6.356031335050772724e-02 2.860500000000000542e-02 4.147499999999999798e-02
2.033500000000000585e-02 -8.250000000000000389e-03 -2.419499999999999776e-02
2.033500000000000585e-02 8.249999999999993450e-03 -2.419499999999999776e-02
5.933500000000001273e-02 -8.250000000000000389e-03 -1.649999999999984812e-04
5.933500000000001273e-02 8.249999999999993450e-03 -1.649999999999984812e-04
7.122499999999999665e-02 -8.250000000000000389e-03 3.193500000000000505e-02
7.122499999999999665e-02 8.249999999999993450e-03 3.193500000000000505e-02
4.319499999999999729e-02 -8.250000000000000389e-03 3.193500000000000505e-02
4.319499999999999729e-02 8.249999999999993450e-03 3.193500000000000505e-02
