-1.415000000000000285e-02 4.299499999999999850e-02 -5.254500000000000143e-02
-1.415000000000000285e-02 4.299499999999999850e-02 5.254500000000000143e-02
2.308476223571193087e-02 2.149749999999999578e-02 -5.254500000000000143e-02
2.308476223571193087e-02 2.149749999999999578e-02 5.254500000000000143e-02
2.308476223571193087e-02 -2.149750000000000966e-02 -5.254500000000000143e-02
2.308476223571193087e-02 -2.149750000000000966e-02 5.254500000000000143e-02
-1.415000000000001673e-02 -4.299499999999999850e-02 -5.254500000000000143e-02
-1.415000000000001673e-02 -4.299499999999999850e-02 5.254500000000000143e-02
-5.138476223571195045e-02 -2.149749999999998190e-02 -5.254500000000000143e-02
-5.138476223571195045e-02 -2.149749999999998190e-02 5.254500000000000143e-02
-5.138476223571193657e-02 2.149750000000000966e-02 -5.254500000000000143e-02
-5.138476223571193657e-02 2.149750000000000966e-02 5.254500000000000143e-02
2.884499999999999564e-02 -6.970000000000031726e-04 -1.770750000000000796e-02
2.884499999999999564e-02 6.970000000000031726e-04 -1.770750000000000796e-02
5.714500000000000135e-02 -6.970000000000031726e-04 -1.770750000000000796e-02
5.714500000000000135e-02 6.970000000000031726e-04 -1.770750000000000796e-02
2.884499999999999564e-02 -6.970000000000031726e-04 1.898749999999999744e-02
2.884499999999999564e-02 6.970000000000031726e-04 1.898749999999999744e-02
5.714500000000000135e-02 -6.970000000000031726e-04 1.898749999999999744e-02
5.714500000000000135e-02 6.970000000000031726e-04 1.898749999999999744e-02
