-6.998000000000000054e-02 -5.132500000000000256e-02 -4.147499999999999798e-02
3.267000000000000459e-02 -5.132500000000000256e-02 -4.147499999999999798e-02
-6.998000000000000054e-02 5.132500000000000256e-02 -4.147499999999999798e-02
3.267000000000000459e-02 5.132500000000000256e-02 -4.147499999999999798e-02
-6.998000000000000054e-02 -5.132500000000000256e-02 4.147499999999999798e-02
3.267000000000000459e-02 -5.132500000000000256e-02 4.147499999999999798e-02
-6.998000000000000054e-02 5.132500000000000256e-02 4.147499999999999798e-02
3.267000000000000459e-02 5.132500000000000256e-02 4.147499999999999798e-02
3.267000000000000459e-02 -9.585000000000003240e-03 -1.795499999999999874e-02
3.267000000000000459e-02 9.585000000000003240e-03 -1.795499999999999874e-02
6.998000000000000054e-02 -9.585000000000003240e-03 -1.795499999999999874e-02
6.998000000000000054e-02 9.585000000000003240e-03 -1.795499999999999874e-02
3.267000000000000459e-02 -9.585000000000003240e-03 3.712500000000000522e-02
3.267000000000000459e-02 9.585000000000003240e-03 3.712500000000000522e-02
6.998000000000000054e-02 -9.585000000000003240e-03 3.712500000000000522e-02
6.998000000000000054e-02 9.585000000000003240e-03 3.712500000000000522e-02
