-5.615449999999999608e-02 -3.859850000000000086e-02 -5.048500000000000210e-02
2.104250000000000564e-02 -3.859850000000000086e-02 -5.048500000000000210e-02
-5.615449999999999608e-02 3.859850000000000086e-02 -5.048500000000000210e-02
2.104250000000000564e-02 3.859850000000000086e-02 -5.048500000000000210e-02
-5.615449999999999608e-02 -3.859850000000000086e-02 5.048500000000000210e-02
2.104250000000000564e-02 -3.859850000000000086e-02 5.048500000000000210e-02
-5.615449999999999608e-02 3.859850000000000086e-02 5.048500000000000210e-02
2.104250000000000564e-02 3.859850000000000086e-02 5.048500000000000210e-02
2.104250000000000564e-02 -9.114999999999998104e-03 -3.296500000000000125e-02
2.104250000000000564e-02 9.114999999999998104e-03 -3.296500000000000125e-02
5.615449999999999608e-02 -9.114999999999998104e-03 -3.296500000000000125e-02
5.615449999999999608e-02 9.114999999999998104e-03 -3.296500000000000125e-02
2.104250000000000564e-02 -9.114999999999998104e-03 3.568499999999999450e-02
2.104250000000000564e-02 9.114999999999998104e-03 3.568499999999999450e-02
5.615449999999999608e-02 -9.114999999999998104e-03 3.568499999999999450e-02
5.615449999999999608e-02 9.114999999999998104e-03 3.568499999999999450e-02
