-6.106999999999999929e-02 -4.341499999999999526e-02 -4.586500000000000299e-02
2.575999999999999124e-02 -4.341499999999999526e-02 -4.586500000000000299e-02
-6.106999999999999929e-02 4.341499999999999526e-02 -4.586500000000000299e-02
2.575999999999999124e-02 4.341499999999999526e-02 -4.586500000000000299e-02
-6.106999999999999929e-02 -4.341499999999999526e-02 4.586500000000000299e-02
2.575999999999999124e-02 -4.341499999999999526e-02 4.586500000000000299e-02
-6.106999999999999929e-02 4.341499999999999526e-02 4.586500000000000299e-02
2.575999999999999124e-02 4.341499999999999526e-02 4.586500000000000299e-02
2.575999999999999124e-02 -6.765000000000000180e-03 -2.126500000000000265e-02
2.575999999999999124e-02 6.765000000000000180e-03 -2.126500000000000265e-02
6.106999999999999929e-02 -6.765000000000000180e-03 -2.126500000000000265e-02
6.106999999999999929e-02 6.765000000000000180e-03 -2.126500000000000265e-02
2.575999999999999124e-02 -6.765000000000000180e-03 3.689499999999999724e-02
2.575999999999999124e-02 6.765000000000000180e-03 3.689499999999999724e-02
6.106999999999999929e-02 -6.765000000000000180e-03 3.689499999999999724e-02
6.106999999999999929e-02 6.765000000000000180e-03 3.689499999999999724e-02
