-5.333499999999999353e-02 -3.676999999999999713e-02 -2.832499999999999948e-02
2.020500000000000074e-02 -3.676999999999999713e-02 -2.832499999999999948e-02
-5.333499999999999353e-02 3.676999999999999713e-02 -2.832499999999999948e-02
2.020500000000000074e-02 3.676999999999999713e-02 -2.832499999999999948e-02
-5.333499999999999353e-02 -3.676999999999999713e-02 2.832499999999999948e-02
2.020500000000000074e-02 -3.676999999999999713e-02 2.832499999999999948e-02
-5.333499999999999353e-02 3.676999999999999713e-02 2.832499999999999948e-02
2.020500000000000074e-02 3.676999999999999713e-02 2.832499999999999948e-02
2.020500000000000074e-02 -5.444999999999998452e-03 -3.550000000000011480e-04
2.020500000000000074e-02 5.444999999999998452e-03 -3.550000000000011480e-04
5.333499999999999353e-02 -5.444999999999998452e-03 -3.550000000000011480e-04
5.333499999999999353e-02 5.444999999999998452e-03 -3.550000000000011480e-04
2.020500000000000074e-02 -5.444999999999998452e-03 5.629499999999999782e-02
2.020500000000000074e-02 5.444999999999998452e-03 5.629499999999999782e-02
5.333499999999999353e-02 -5.444999999999998452e-03 5.629499999999999782e-02
5.333499999999999353e-02 5.444999999999998452e-03 5.629499999999999782e-02
