-1.499999999999999944e-02 4.150000000000000216e-02 -4.800000000000000100e-02
-1.499999999999999944e-02 4.150000000000000216e-02 4.800000000000000100e-02
2.094005425705421780e-02 2.074999999999999761e-02 -4.800000000000000100e-02
2.094005425705421780e-02 2.074999999999999761e-02 4.800000000000000100e-02
2.094005425705419005e-02 -2.075000000000001149e-02 -4.800000000000000100e-02
2.094005425705419005e-02 -2.075000000000001149e-02 4.800000000000000100e-02
-1.500000000000001332e-02 -4.150000000000000216e-02 -4.800000000000000100e-02
-1.500000000000001332e-02 -4.150000000000000216e-02 4.800000000000000100e-02
-5.094005425705420975e-02 -2.074999999999998374e-02 -4.800000000000000100e-02
-5.094005425705420975e-02 -2.074999999999998374e-02 4.800000000000000100e-02
-5.094005425705420281e-02 2.075000000000000455e-02 -4.800000000000000100e-02
-5.094005425705420281e-02 2.075000000000000455e-02 4.800000000000000100e-02
2.650000000000000272e-02 -4.999999999999997502e-03 -3.300000000000000155e-02
2.650000000000000272e-02 4.999999999999997502e-03 -3.300000000000000155e-02
5.650000000000000161e-02 -4.999999999999997502e-03 -3.300000000000000155e-02
5.650000000000000161e-02 4.999999999999997502e-03 -3.300000000000000155e-02
2.650000000000000272e-02 -4.999999999999997502e-03 3.700000000000000511e-02
2.650000000000000272e-02 4.999999999999997502e-03 3.700000000000000511e-02
5.650000000000000161e-02 -4.999999999999997502e-03 3.700000000000000511e-02
5.650000000000000161e-02 4.999999999999997502e-03 3.700000000000000511e-02
