0.000000000000000000e+00 7.115499999999999603e-02 3.257999999999999785e-02
0.000000000000000000e+00 6.077499999999999569e-02 -8.059999999999997722e-03
0.000000000000000000e+00 2.942999999999999783e-02 -3.257999999999999785e-02
2.198810423474938103e-02 6.767242641698165140e-02 3.257999999999999785e-02
1.878050783313742200e-02 5.780045977783795919e-02 -8.059999999999997722e-03
9.094370144454702598e-03 2.798959327456637669e-02 -3.257999999999999785e-02
4.182385962687092118e-02 5.756560423474937904e-02 3.257999999999999785e-02
3.572264870807506654e-02 4.916800783313743373e-02 -8.059999999999997722e-03
1.729851997496748006e-02 2.380937014445470845e-02 -3.257999999999999785e-02
5.756560423474937904e-02 4.182385962687092118e-02 3.257999999999999785e-02
4.916800783313743373e-02 3.572264870807506654e-02 -8.059999999999997722e-03
2.380937014445470845e-02 1.729851997496748006e-02 -3.257999999999999785e-02
6.767242641698165140e-02 2.198810423474938103e-02 3.257999999999999785e-02
5.780045977783795919e-02 1.878050783313743588e-02 -8.059999999999997722e-03
2.798959327456637669e-02 9.094370144454702598e-03 -3.257999999999999785e-02
7.115499999999999603e-02 0.000000000000000000e+00 3.257999999999999785e-02
6.077499999999999569e-02 0.000000000000000000e+00 -8.059999999999997722e-03
2.942999999999999783e-02 0.000000000000000000e+00 -3.257999999999999785e-02
6.767242641698165140e-02 -2.198810423474938103e-02 3.257999999999999785e-02
5.780045977783795919e-02 -1.878050783313742200e-02 -8.059999999999997722e-03
2.798959327456637669e-02 -9.094370144454702598e-03 -3.257999999999999785e-02
5.756560423474937904e-02 -4.182385962687091424e-02 3.257999999999999785e-02
4.916800783313743373e-02 -3.572264870807505266e-02 -8.059999999999997722e-03
2.380937014445470845e-02 -1.729851997496748006e-02 -3.257999999999999785e-02
4.182385962687093506e-02 -5.756560423474937210e-02 3.257999999999999785e-02
3.572264870807506654e-02 -4.916800783313742679e-02 -8.059999999999997722e-03
1.729851997496748006e-02 -2.380937014445470151e-02 -3.257999999999999785e-02
2.198810423474939491e-02 -6.767242641698165140e-02 3.257999999999999785e-02
1.878050783313743588e-02 -5.780045977783795919e-02 -8.059999999999997722e-03
9.094370144454702598e-03 -2.798959327456636975e-02 -3.257999999999999785e-02
1.387778780781445676e-17 -7.115499999999999603e-02 3.257999999999999785e-02
1.387778780781445676e-17 -6.077500000000000263e-02 -8.059999999999997722e-03
0.000000000000000000e+00 -2.942999999999999783e-02 -3.257999999999999785e-02
-2.198810423474937409e-02 -6.767242641698165140e-02 3.257999999999999785e-02
-1.878050783313742200e-02 -5.780045977783796612e-02 -8.059999999999997722e-03
-9.094370144454702598e-03 -2.798959327456637669e-02 -3.257999999999999785e-02
-4.182385962687091424e-02 -5.756560423474939292e-02 3.257999999999999785e-02
-3.572264870807505266e-02 -4.916800783313744067e-02 -8.059999999999997722e-03
-1.729851997496748006e-02 -2.380937014445470845e-02 -3.257999999999999785e-02
-5.756560423474937210e-02 -4.182385962687093506e-02 3.257999999999999785e-02
-4.916800783313742679e-02 -3.572264870807506654e-02 -8.059999999999997722e-03
-2.380937014445470151e-02 -1.729851997496748700e-02 -3.257999999999999785e-02
-6.767242641698165140e-02 -2.198810423474939491e-02 3.257999999999999785e-02
-5.780045977783795919e-02 -1.878050783313743588e-02 -8.059999999999997722e-03
-2.798959327456636975e-02 -9.094370144454709537e-03 -3.257999999999999785e-02
-7.115499999999999603e-02 -1.387778780781445676e-17 3.257999999999999785e-02
-6.077500000000000263e-02 -1.387778780781445676e-17 -8.059999999999997722e-03
-2.942999999999999783e-02 0.000000000000000000e+00 -3.257999999999999785e-02
-6.767242641698165140e-02 2.198810423474936715e-02 3.257999999999999785e-02
-5.780045977783796612e-02 1.878050783313742200e-02 -8.059999999999997722e-03
-2.798959327456637669e-02 9.094370144454702598e-03 -3.257999999999999785e-02
-5.756560423474939292e-02 4.182385962687090730e-02 3.257999999999999785e-02
-4.916800783313744067e-02 3.572264870807503878e-02 -8.059999999999997722e-03
-2.380937014445470845e-02 1.729851997496748006e-02 -3.257999999999999785e-02
-4.182385962687094200e-02 5.756560423474937904e-02 3.257999999999999785e-02
-3.572264870807506654e-02 4.916800783313743373e-02 -8.059999999999997722e-03
-1.729851997496749394e-02 2.380937014445469457e-02 -3.257999999999999785e-02
-2.198810423474939491e-02 6.767242641698165140e-02 3.257999999999999785e-02
-1.878050783313744282e-02 5.780045977783795919e-02 -8.059999999999997722e-03
-9.094370144454709537e-03 2.798959327456637669e-02 -3.257999999999999785e-02
