-4.229008343312508356e-02 -1.542900000000000105e-01 -7.691439209871397953e-02
1.555899165668749307e-01 -1.542900000000000105e-01 -7.691439209871397953e-02
-4.229008343312508356e-02 1.542900000000000105e-01 -7.691439209871397953e-02
1.555899165668749307e-01 1.542900000000000105e-01 -7.691439209871397953e-02
-3.279796317438819775e-02 -1.542900000000000105e-01 -6.198439209871398070e-02
1.555899165668749307e-01 -1.542900000000000105e-01 -6.198439209871398070e-02
-3.279796317438819775e-02 1.542900000000000105e-01 -6.198439209871398070e-02
1.555899165668749307e-01 1.542900000000000105e-01 -6.198439209871398070e-02
-1.555899165668749307e-01 -1.542900000000000105e-01 6.957275379424290862e-02
-1.555899165668749307e-01 1.542900000000000105e-01 6.957275379424290862e-02
-1.460977963081380449e-01 -1.542900000000000105e-01 7.691439209871397953e-02
-1.460977963081380449e-01 1.542900000000000105e-01 7.691439209871397953e-02
