-3.830883922341496439e-02 -1.650999999999999968e-01 -1.154004039732040299e-01
2.172911607765850017e-01 -1.650999999999999968e-01 -1.154004039732040299e-01
-3.830883922341496439e-02 1.650999999999999968e-01 -1.154004039732040299e-01
2.172911607765850017e-01 1.650999999999999968e-01 -1.154004039732040299e-01
-2.094621805137192316e-02 -1.650999999999999968e-01 -9.143040397320402468e-02
2.172911607765850017e-01 -1.650999999999999968e-01 -9.143040397320402468e-02
-2.094621805137192316e-02 1.650999999999999968e-01 -9.143040397320402468e-02
2.172911607765850017e-01 1.650999999999999968e-01 -9.143040397320402468e-02
-2.172911607765850017e-01 -1.650999999999999968e-01 1.010428176149012480e-01
-2.172911607765850017e-01 1.650999999999999968e-01 1.010428176149012480e-01
-1.999285396045419327e-01 -1.650999999999999968e-01 1.154004039732040299e-01
-1.999285396045419327e-01 1.650999999999999968e-01 1.154004039732040299e-01
