-1.001055444239429826e-01 -1.576549999999999896e-01 -9.119209774946988867e-02
1.337244555760569997e-01 -1.576549999999999896e-01 -9.119209774946988867e-02
-1.001055444239429826e-01 1.576549999999999896e-01 -9.119209774946988867e-02
1.337244555760569997e-01 1.576549999999999896e-01 -9.119209774946988867e-02
-9.325701671686156824e-02 -1.576549999999999896e-01 -8.043209774946988300e-02
1.337244555760569997e-01 -1.576549999999999896e-01 -8.043209774946988300e-02
-9.325701671686156824e-02 1.576549999999999896e-01 -8.043209774946988300e-02
1.337244555760569997e-01 1.576549999999999896e-01 -8.043209774946988300e-02
-2.937244555760570308e-01 -1.576549999999999896e-01 8.360618526346412505e-02
-2.937244555760570308e-01 1.576549999999999896e-01 8.360618526346412505e-02
-2.868759278689756442e-01 -1.576549999999999896e-01 9.119209774946988867e-02
-2.868759278689756442e-01 1.576549999999999896e-01 9.119209774946988867e-02
