-6.686853246424213915e-02 -1.635500000000000009e-01 -9.949021296963610206e-02
1.709414675357578683e-01 -1.635500000000000009e-01 -9.949021296963610206e-02
-6.686853246424213915e-02 1.635500000000000009e-01 -9.949021296963610206e-02
1.709414675357578683e-01 1.635500000000000009e-01 -9.949021296963610206e-02
-5.805384896720051924e-02 -1.635500000000000009e-01 -8.449021296963610261e-02
1.709414675357578683e-01 -1.635500000000000009e-01 -8.449021296963610261e-02
-5.805384896720051924e-02 1.635500000000000009e-01 -8.449021296963610261e-02
1.709414675357578683e-01 1.635500000000000009e-01 -8.449021296963610261e-02
-1.709414675357578683e-01 -1.635500000000000009e-01 9.476778193816702556e-02
-1.709414675357578683e-01 1.635500000000000009e-01 9.476778193816702556e-02
-1.621267840387162484e-01 -1.635500000000000009e-01 9.949021296963610206e-02
-1.621267840387162484e-01 1.635500000000000009e-01 9.949021296963610206e-02
