-2.545265867222398781e-02 -1.648100000000000120e-01 -6.947643867818095731e-02
2.041773413277760407e-01 -1.648100000000000120e-01 -6.947643867818095731e-02
-2.545265867222398781e-02 1.648100000000000120e-01 -6.947643867818095731e-02
2.041773413277760407e-01 1.648100000000000120e-01 -6.947643867818095731e-02
-1.932936035175727985e-02 -1.648100000000000120e-01 -5.455643867818095460e-02
2.041773413277760407e-01 -1.648100000000000120e-01 -5.455643867818095460e-02
-1.932936035175727985e-02 1.648100000000000120e-01 -5.455643867818095460e-02
2.041773413277760407e-01 1.648100000000000120e-01 -5.455643867818095460e-02
-2.041773413277760407e-01 -1.648100000000000120e-01 6.109493417847627894e-02
-2.041773413277760407e-01 1.648100000000000120e-01 6.109493417847627894e-02
-1.980540430073093328e-01 -1.648100000000000120e-01 6.947643867818095731e-02
-1.980540430073093328e-01 1.648100000000000120e-01 6.947643867818095731e-02
