-1.830999999999999989e-02 4.289500000000000951e-02 -4.586500000000000299e-02
-1.830999999999999989e-02 4.569999999999999757e-02 4.586500000000000299e-02
-5.054716026286626418e-03 4.079556926648061216e-02 -4.586500000000000299e-02
-4.187923357064901597e-03 4.346328279468852224e-02 4.586500000000000299e-02
6.903048397085637111e-03 3.470278397371336782e-02 -4.586500000000000299e-02
8.551786029766014763e-03 3.697207664293509360e-02 4.586500000000000299e-02
1.639278397371336793e-02 2.521304839708563700e-02 -4.586500000000000299e-02
1.866207664293509372e-02 2.686178602976601465e-02 4.586500000000000299e-02
2.248556926648061227e-02 1.325528397371337347e-02 -4.586500000000000299e-02
2.515328279468852235e-02 1.412207664293509829e-02 4.586500000000000299e-02
2.458500000000000962e-02 0.000000000000000000e+00 -4.586500000000000299e-02
2.738999999999999768e-02 0.000000000000000000e+00 4.586500000000000299e-02
2.248556926648061227e-02 -1.325528397371336653e-02 -4.586500000000000299e-02
2.515328279468852235e-02 -1.412207664293509135e-02 4.586500000000000299e-02
1.639278397371336793e-02 -2.521304839708563353e-02 -4.586500000000000299e-02
1.866207664293509372e-02 -2.686178602976601465e-02 4.586500000000000299e-02
6.903048397085637111e-03 -3.470278397371336782e-02 -4.586500000000000299e-02
8.551786029766028641e-03 -3.697207664293509360e-02 4.586500000000000299e-02
-5.054716026286626418e-03 -4.079556926648061216e-02 -4.586500000000000299e-02
-4.187923357064901597e-03 -4.346328279468851530e-02 4.586500000000000299e-02
-1.830999999999999295e-02 -4.289500000000000257e-02 -4.586500000000000299e-02
-1.830999999999999295e-02 -4.569999999999999757e-02 4.586500000000000299e-02
-3.156528397371336642e-02 -4.079556926648061910e-02 -4.586500000000000299e-02
-3.243207664293509124e-02 -4.346328279468852224e-02 4.586500000000000299e-02
-4.352304839708563688e-02 -3.470278397371337475e-02 -4.586500000000000299e-02
-4.517178602976601454e-02 -3.697207664293510054e-02 4.586500000000000299e-02
-5.301278397371336770e-02 -2.521304839708564047e-02 -4.586500000000000299e-02
-5.528207664293509349e-02 -2.686178602976602506e-02 4.586500000000000299e-02
-5.910556926648061205e-02 -1.325528397371337347e-02 -4.586500000000000299e-02
-6.177328279468851518e-02 -1.412207664293510523e-02 4.586500000000000299e-02
-6.120500000000000246e-02 -6.938893903907228378e-18 -4.586500000000000299e-02
-6.400999999999999746e-02 -6.938893903907228378e-18 4.586500000000000299e-02
-5.910556926648061898e-02 1.325528397371335959e-02 -4.586500000000000299e-02
-6.177328279468852212e-02 1.412207664293508441e-02 4.586500000000000299e-02
-5.301278397371337464e-02 2.521304839708562312e-02 -4.586500000000000299e-02
-5.528207664293510043e-02 2.686178602976601465e-02 4.586500000000000299e-02
-4.352304839708565076e-02 3.470278397371336782e-02 -4.586500000000000299e-02
-4.517178602976602841e-02 3.697207664293509360e-02 4.586500000000000299e-02
-3.156528397371338029e-02 4.079556926648061216e-02 -4.586500000000000299e-02
-3.243207664293510512e-02 4.346328279468852224e-02 4.586500000000000299e-02
2.694500000000001061e-02 -6.765000000000000180e-03 -2.503500000000000170e-02
2.694500000000001061e-02 6.765000000000000180e-03 -2.503500000000000170e-02
5.765500000000001180e-02 -6.765000000000000180e-03 -1.344999999999998974e-03
5.765500000000001180e-02 6.765000000000000180e-03 -1.344999999999998974e-03
5.884500000000000841e-02 -6.765000000000000180e-03 2.325499999999999790e-02
5.884500000000000841e-02 6.765000000000000180e-03 2.325499999999999790e-02
4.959500000000001407e-02 -6.765000000000000180e-03 3.647499999999999354e-02
4.959500000000001407e-02 6.765000000000000180e-03 3.647499999999999354e-02
2.738999999999999768e-02 -6.765000000000000180e-03 3.809500000000000386e-02
2.738999999999999768e-02 6.765000000000000180e-03 3.809500000000000386e-02
