-1.596000000000000196e-02 4.062999999999999945e-02 -5.048500000000000210e-02
-1.596000000000000196e-02 4.062999999999999945e-02 5.048500000000000210e-02
1.922661215576174087e-02 2.031499999999999972e-02 -5.048500000000000210e-02
1.922661215576174087e-02 2.031499999999999972e-02 5.048500000000000210e-02
1.922661215576174087e-02 -2.031500000000001013e-02 -5.048500000000000210e-02
1.922661215576174087e-02 -2.031500000000001013e-02 5.048500000000000210e-02
-1.596000000000001584e-02 -4.062999999999999945e-02 -5.048500000000000210e-02
-1.596000000000001584e-02 -4.062999999999999945e-02 5.048500000000000210e-02
-5.114661215576175174e-02 -2.031499999999998238e-02 -5.048500000000000210e-02
-5.114661215576175174e-02 -2.031499999999998238e-02 5.048500000000000210e-02
-5.114661215576174480e-02 2.031499999999999972e-02 -5.048500000000000210e-02
-5.114661215576174480e-02 2.031499999999999972e-02 5.048500000000000210e-02
2.466999999999999749e-02 -9.114999999999998104e-03 -3.296500000000000125e-02
2.466999999999999749e-02 9.114999999999998104e-03 -3.296500000000000125e-02
5.659000000000000141e-02 -9.114999999999998104e-03 -3.296500000000000125e-02
5.659000000000000141e-02 9.114999999999998104e-03 -3.296500000000000125e-02
2.466999999999999749e-02 -9.114999999999998104e-03 3.568499999999999450e-02
2.466999999999999749e-02 9.114999999999998104e-03 3.568499999999999450e-02
5.659000000000000141e-02 -9.114999999999998104e-03 3.568499999999999450e-02
5.659000000000000141e-02 9.114999999999998104e-03 3.568499999999999450e-02
