-1.609050000000000064e-02 3.445999999999999064e-02 -5.254500000000000143e-02
-1.609050000000000064e-02 3.676999999999999713e-02 5.254500000000000143e-02
-5.441774373839310119e-03 3.277340755153099194e-02 -5.254500000000000143e-02
-4.727945116833186245e-03 3.497034810417279371e-02 5.254500000000000143e-02
4.164579793998625379e-03 2.787872562616068584e-02 -5.254500000000000143e-02
5.522363726794231320e-03 2.974755488316681296e-02 5.254500000000000143e-02
1.178822562616068520e-02 2.025507979399862601e-02 -5.254500000000000143e-02
1.365705488316681232e-02 2.161286372679423196e-02 5.254500000000000143e-02
1.668290755153099131e-02 1.064872562616069052e-02 -5.254500000000000143e-02
1.887984810417279308e-02 1.136255488316681439e-02 5.254500000000000143e-02
1.836949999999999000e-02 0.000000000000000000e+00 -5.254500000000000143e-02
2.067949999999999650e-02 0.000000000000000000e+00 5.254500000000000143e-02
1.668290755153099131e-02 -1.064872562616068358e-02 -5.254500000000000143e-02
1.887984810417279308e-02 -1.136255488316681439e-02 5.254500000000000143e-02
1.178822562616068520e-02 -2.025507979399861908e-02 -5.254500000000000143e-02
1.365705488316681232e-02 -2.161286372679423196e-02 5.254500000000000143e-02
4.164579793998625379e-03 -2.787872562616068237e-02 -5.254500000000000143e-02
5.522363726794238259e-03 -2.974755488316681296e-02 5.254500000000000143e-02
-5.441774373839310119e-03 -3.277340755153098500e-02 -5.254500000000000143e-02
-4.727945116833179307e-03 -3.497034810417279371e-02 5.254500000000000143e-02
-1.609049999999999370e-02 -3.445999999999999758e-02 -5.254500000000000143e-02
-1.609049999999999370e-02 -3.676999999999999713e-02 5.254500000000000143e-02
-2.673922562616068421e-02 -3.277340755153099194e-02 -5.254500000000000143e-02
-2.745305488316681156e-02 -3.497034810417279371e-02 5.254500000000000143e-02
-3.634557979399861971e-02 -2.787872562616068930e-02 -5.254500000000000143e-02
-3.770336372679423259e-02 -2.974755488316681989e-02 5.254500000000000143e-02
-4.396922562616067953e-02 -2.025507979399862601e-02 -5.254500000000000143e-02
-4.583805488316681359e-02 -2.161286372679423889e-02 5.254500000000000143e-02
-4.886390755153098564e-02 -1.064872562616069052e-02 -5.254500000000000143e-02
-5.106084810417279435e-02 -1.136255488316682133e-02 5.254500000000000143e-02
-5.055049999999999821e-02 -6.938893903907228378e-18 -5.254500000000000143e-02
-5.286049999999999777e-02 -6.938893903907228378e-18 5.254500000000000143e-02
-4.886390755153099258e-02 1.064872562616067664e-02 -5.254500000000000143e-02
-5.106084810417279435e-02 1.136255488316680745e-02 5.254500000000000143e-02
-4.396922562616069341e-02 2.025507979399861214e-02 -5.254500000000000143e-02
-4.583805488316682053e-02 2.161286372679423196e-02 5.254500000000000143e-02
-3.634557979399863359e-02 2.787872562616068584e-02 -5.254500000000000143e-02
-3.770336372679423953e-02 2.974755488316681296e-02 5.254500000000000143e-02
-2.673922562616069462e-02 3.277340755153099194e-02 -5.254500000000000143e-02
-2.745305488316682196e-02 3.497034810417279371e-02 5.254500000000000143e-02
2.009949999999998543e-02 -5.444999999999998452e-03 -3.028500000000000289e-02
2.009949999999998543e-02 5.444999999999998452e-03 -3.028500000000000289e-02
4.543949999999998685e-02 -5.444999999999998452e-03 -5.514999999999999070e-03
4.543949999999998685e-02 5.444999999999998452e-03 -5.514999999999999070e-03
4.882049999999999584e-02 -5.444999999999998452e-03 1.252500000000000141e-02
4.882049999999999584e-02 5.444999999999998452e-03 1.252500000000000141e-02
4.061949999999998201e-02 -5.444999999999998452e-03 3.566499999999999532e-02
4.061949999999998201e-02 5.444999999999998452e-03 3.566499999999999532e-02
2.067949999999999650e-02 -5.444999999999998452e-03 3.858500000000000124e-02
2.067949999999999650e-02 5.444999999999998452e-03 3.858500000000000124e-02
